=== Results for h80d20.csv ===

-- k = 1 (dùng 1 xe) --
Total distance      = 487.72
Vehicle total idle  = 337.92
Customer total wait = 13053.14
  Xe1: route=[0, 35, 66, 67, 68, 70, 65, 71, 62, 76, 63, 79, 80, 72, 77, 18, 19, 20, 21, 22, 24, 25, 23, 26, 41, 0], dist=487.72

-- k = 2 (dùng 2 xe) --
Total distance      = 971.67
Vehicle total idle  = 694.28
Customer total wait = 18811.03
  Xe1: route=[0, 35, 66, 67, 68, 70, 65, 71, 62, 76, 63, 79, 80, 72, 77, 18, 19, 20, 21, 22, 24, 25, 23, 26, 41, 0], dist=487.72
  Xe2: route=[0, 59, 61, 69, 64, 74, 75, 73, 78, 39, 12, 15, 27, 29, 0], dist=483.95

-- k = 3 (dùng 3 xe) --
Total distance      = 1739.77
Vehicle total idle  = 694.28
Customer total wait = 33341.85
  Xe1: route=[0, 35, 66, 67, 68, 70, 65, 71, 62, 76, 63, 79, 80, 72, 77, 18, 19, 20, 21, 22, 24, 25, 23, 26, 41, 0], dist=487.72
  Xe2: route=[0, 59, 61, 69, 64, 74, 75, 73, 78, 39, 12, 15, 27, 29, 0], dist=483.95
  Xe3: route=[0, 28, 47, 10, 11, 4, 31, 13, 50, 58, 3, 1, 34, 38, 40, 37, 36, 30, 6, 9, 17, 14, 16, 42, 46, 43, 53, 0], dist=768.10

-- k = 4 (dùng 4 xe) --
Total distance      = 2181.56
Vehicle total idle  = 694.28
Customer total wait = 38288.12
  Xe1: route=[0, 35, 66, 67, 68, 70, 65, 71, 62, 76, 63, 79, 80, 72, 77, 18, 19, 20, 21, 22, 24, 25, 23, 26, 41, 0], dist=487.72
  Xe2: route=[0, 59, 61, 69, 64, 74, 75, 73, 78, 39, 12, 15, 27, 29, 0], dist=483.95
  Xe3: route=[0, 28, 47, 10, 11, 4, 31, 13, 50, 58, 3, 1, 34, 38, 40, 37, 36, 30, 6, 9, 17, 14, 16, 42, 46, 43, 53, 0], dist=768.10
  Xe4: route=[0, 5, 33, 60, 8, 7, 2, 32, 57, 48, 56, 51, 55, 44, 45, 49, 52, 54, 0], dist=441.79

-- k = 5 (dùng 4 xe) --
Total distance      = 2181.56
Vehicle total idle  = 694.28
Customer total wait = 38288.12
  Xe1: route=[0, 35, 66, 67, 68, 70, 65, 71, 62, 76, 63, 79, 80, 72, 77, 18, 19, 20, 21, 22, 24, 25, 23, 26, 41, 0], dist=487.72
  Xe2: route=[0, 59, 61, 69, 64, 74, 75, 73, 78, 39, 12, 15, 27, 29, 0], dist=483.95
  Xe3: route=[0, 28, 47, 10, 11, 4, 31, 13, 50, 58, 3, 1, 34, 38, 40, 37, 36, 30, 6, 9, 17, 14, 16, 42, 46, 43, 53, 0], dist=768.10
  Xe4: route=[0, 5, 33, 60, 8, 7, 2, 32, 57, 48, 56, 51, 55, 44, 45, 49, 52, 54, 0], dist=441.79

-- k = 6 (dùng 4 xe) --
Total distance      = 2181.56
Vehicle total idle  = 694.28
Customer total wait = 38288.12
  Xe1: route=[0, 35, 66, 67, 68, 70, 65, 71, 62, 76, 63, 79, 80, 72, 77, 18, 19, 20, 21, 22, 24, 25, 23, 26, 41, 0], dist=487.72
  Xe2: route=[0, 59, 61, 69, 64, 74, 75, 73, 78, 39, 12, 15, 27, 29, 0], dist=483.95
  Xe3: route=[0, 28, 47, 10, 11, 4, 31, 13, 50, 58, 3, 1, 34, 38, 40, 37, 36, 30, 6, 9, 17, 14, 16, 42, 46, 43, 53, 0], dist=768.10
  Xe4: route=[0, 5, 33, 60, 8, 7, 2, 32, 57, 48, 56, 51, 55, 44, 45, 49, 52, 54, 0], dist=441.79

-- k = 7 (dùng 4 xe) --
Total distance      = 2181.56
Vehicle total idle  = 694.28
Customer total wait = 38288.12
  Xe1: route=[0, 35, 66, 67, 68, 70, 65, 71, 62, 76, 63, 79, 80, 72, 77, 18, 19, 20, 21, 22, 24, 25, 23, 26, 41, 0], dist=487.72
  Xe2: route=[0, 59, 61, 69, 64, 74, 75, 73, 78, 39, 12, 15, 27, 29, 0], dist=483.95
  Xe3: route=[0, 28, 47, 10, 11, 4, 31, 13, 50, 58, 3, 1, 34, 38, 40, 37, 36, 30, 6, 9, 17, 14, 16, 42, 46, 43, 53, 0], dist=768.10
  Xe4: route=[0, 5, 33, 60, 8, 7, 2, 32, 57, 48, 56, 51, 55, 44, 45, 49, 52, 54, 0], dist=441.79

-- k = 8 (dùng 4 xe) --
Total distance      = 2181.56
Vehicle total idle  = 694.28
Customer total wait = 38288.12
  Xe1: route=[0, 35, 66, 67, 68, 70, 65, 71, 62, 76, 63, 79, 80, 72, 77, 18, 19, 20, 21, 22, 24, 25, 23, 26, 41, 0], dist=487.72
  Xe2: route=[0, 59, 61, 69, 64, 74, 75, 73, 78, 39, 12, 15, 27, 29, 0], dist=483.95
  Xe3: route=[0, 28, 47, 10, 11, 4, 31, 13, 50, 58, 3, 1, 34, 38, 40, 37, 36, 30, 6, 9, 17, 14, 16, 42, 46, 43, 53, 0], dist=768.10
  Xe4: route=[0, 5, 33, 60, 8, 7, 2, 32, 57, 48, 56, 51, 55, 44, 45, 49, 52, 54, 0], dist=441.79

========================================

=== Results for h80d40.csv ===

-- k = 1 (dùng 1 xe) --
Total distance      = 759.98
Vehicle total idle  = 0.00
Customer total wait = 9285.23
  Xe1: route=[0, 38, 22, 25, 20, 41, 51, 55, 53, 48, 60, 62, 44, 74, 69, 68, 77, 54, 57, 80, 79, 49, 64, 78, 73, 14, 15, 16, 0], dist=759.98

-- k = 2 (dùng 2 xe) --
Total distance      = 1286.61
Vehicle total idle  = 292.14
Customer total wait = 21173.84
  Xe1: route=[0, 38, 22, 25, 20, 41, 51, 55, 53, 48, 60, 62, 44, 74, 69, 68, 77, 54, 57, 80, 79, 49, 64, 78, 73, 14, 15, 16, 0], dist=759.98
  Xe2: route=[0, 24, 42, 59, 47, 46, 72, 71, 70, 18, 17, 19, 75, 28, 9, 12, 34, 8, 27, 7, 6, 0], dist=526.63

-- k = 3 (dùng 3 xe) --
Total distance      = 2032.72
Vehicle total idle  = 321.14
Customer total wait = 34204.49
  Xe1: route=[0, 38, 22, 25, 20, 41, 51, 55, 53, 48, 60, 62, 44, 74, 69, 68, 77, 54, 57, 80, 79, 49, 64, 78, 73, 14, 15, 16, 0], dist=759.98
  Xe2: route=[0, 24, 42, 59, 47, 46, 72, 71, 70, 18, 17, 19, 75, 28, 9, 12, 34, 8, 27, 7, 6, 0], dist=526.63
  Xe3: route=[0, 10, 45, 56, 58, 52, 50, 61, 43, 21, 4, 3, 37, 23, 1, 26, 5, 13, 11, 29, 30, 40, 39, 76, 32, 0], dist=746.11

-- k = 4 (dùng 4 xe) --
Total distance      = 2282.93
Vehicle total idle  = 856.57
Customer total wait = 36346.61
  Xe1: route=[0, 38, 22, 25, 20, 41, 51, 55, 53, 48, 60, 62, 44, 74, 69, 68, 77, 54, 57, 80, 79, 49, 64, 78, 73, 14, 15, 16, 0], dist=759.98
  Xe2: route=[0, 24, 42, 59, 47, 46, 72, 71, 70, 18, 17, 19, 75, 28, 9, 12, 34, 8, 27, 7, 6, 0], dist=526.63
  Xe3: route=[0, 10, 45, 56, 58, 52, 50, 61, 43, 21, 4, 3, 37, 23, 1, 26, 5, 13, 11, 29, 30, 40, 39, 76, 32, 0], dist=746.11
  Xe4: route=[0, 2, 35, 33, 31, 36, 63, 66, 67, 65, 0], dist=250.21

-- k = 5 (dùng 4 xe) --
Total distance      = 2282.93
Vehicle total idle  = 856.57
Customer total wait = 36346.61
  Xe1: route=[0, 38, 22, 25, 20, 41, 51, 55, 53, 48, 60, 62, 44, 74, 69, 68, 77, 54, 57, 80, 79, 49, 64, 78, 73, 14, 15, 16, 0], dist=759.98
  Xe2: route=[0, 24, 42, 59, 47, 46, 72, 71, 70, 18, 17, 19, 75, 28, 9, 12, 34, 8, 27, 7, 6, 0], dist=526.63
  Xe3: route=[0, 10, 45, 56, 58, 52, 50, 61, 43, 21, 4, 3, 37, 23, 1, 26, 5, 13, 11, 29, 30, 40, 39, 76, 32, 0], dist=746.11
  Xe4: route=[0, 2, 35, 33, 31, 36, 63, 66, 67, 65, 0], dist=250.21

-- k = 6 (dùng 4 xe) --
Total distance      = 2282.93
Vehicle total idle  = 856.57
Customer total wait = 36346.61
  Xe1: route=[0, 38, 22, 25, 20, 41, 51, 55, 53, 48, 60, 62, 44, 74, 69, 68, 77, 54, 57, 80, 79, 49, 64, 78, 73, 14, 15, 16, 0], dist=759.98
  Xe2: route=[0, 24, 42, 59, 47, 46, 72, 71, 70, 18, 17, 19, 75, 28, 9, 12, 34, 8, 27, 7, 6, 0], dist=526.63
  Xe3: route=[0, 10, 45, 56, 58, 52, 50, 61, 43, 21, 4, 3, 37, 23, 1, 26, 5, 13, 11, 29, 30, 40, 39, 76, 32, 0], dist=746.11
  Xe4: route=[0, 2, 35, 33, 31, 36, 63, 66, 67, 65, 0], dist=250.21

-- k = 7 (dùng 4 xe) --
Total distance      = 2282.93
Vehicle total idle  = 856.57
Customer total wait = 36346.61
  Xe1: route=[0, 38, 22, 25, 20, 41, 51, 55, 53, 48, 60, 62, 44, 74, 69, 68, 77, 54, 57, 80, 79, 49, 64, 78, 73, 14, 15, 16, 0], dist=759.98
  Xe2: route=[0, 24, 42, 59, 47, 46, 72, 71, 70, 18, 17, 19, 75, 28, 9, 12, 34, 8, 27, 7, 6, 0], dist=526.63
  Xe3: route=[0, 10, 45, 56, 58, 52, 50, 61, 43, 21, 4, 3, 37, 23, 1, 26, 5, 13, 11, 29, 30, 40, 39, 76, 32, 0], dist=746.11
  Xe4: route=[0, 2, 35, 33, 31, 36, 63, 66, 67, 65, 0], dist=250.21

-- k = 8 (dùng 4 xe) --
Total distance      = 2282.93
Vehicle total idle  = 856.57
Customer total wait = 36346.61
  Xe1: route=[0, 38, 22, 25, 20, 41, 51, 55, 53, 48, 60, 62, 44, 74, 69, 68, 77, 54, 57, 80, 79, 49, 64, 78, 73, 14, 15, 16, 0], dist=759.98
  Xe2: route=[0, 24, 42, 59, 47, 46, 72, 71, 70, 18, 17, 19, 75, 28, 9, 12, 34, 8, 27, 7, 6, 0], dist=526.63
  Xe3: route=[0, 10, 45, 56, 58, 52, 50, 61, 43, 21, 4, 3, 37, 23, 1, 26, 5, 13, 11, 29, 30, 40, 39, 76, 32, 0], dist=746.11
  Xe4: route=[0, 2, 35, 33, 31, 36, 63, 66, 67, 65, 0], dist=250.21

========================================

=== Results for h80d60.csv ===

-- k = 1 (dùng 1 xe) --
Total distance      = 741.98
Vehicle total idle  = 0.00
Customer total wait = 10486.11
  Xe1: route=[0, 16, 9, 11, 7, 8, 50, 25, 44, 46, 63, 36, 29, 42, 53, 14, 18, 54, 28, 47, 52, 45, 74, 71, 51, 79, 37, 68, 0], dist=741.98

-- k = 2 (dùng 2 xe) --
Total distance      = 1330.48
Vehicle total idle  = 211.66
Customer total wait = 19066.26
  Xe1: route=[0, 16, 9, 11, 7, 8, 50, 25, 44, 46, 63, 36, 29, 42, 53, 14, 18, 54, 28, 47, 52, 45, 74, 71, 51, 79, 37, 68, 0], dist=741.98
  Xe2: route=[0, 10, 15, 48, 35, 49, 80, 61, 5, 78, 41, 69, 56, 39, 58, 31, 66, 22, 73, 0], dist=588.50

-- k = 3 (dùng 3 xe) --
Total distance      = 2026.26
Vehicle total idle  = 228.39
Customer total wait = 25535.38
  Xe1: route=[0, 16, 9, 11, 7, 8, 50, 25, 44, 46, 63, 36, 29, 42, 53, 14, 18, 54, 28, 47, 52, 45, 74, 71, 51, 79, 37, 68, 0], dist=741.98
  Xe2: route=[0, 10, 15, 48, 35, 49, 80, 61, 5, 78, 41, 69, 56, 39, 58, 31, 66, 22, 73, 0], dist=588.50
  Xe3: route=[0, 12, 23, 55, 57, 60, 26, 30, 75, 19, 13, 32, 62, 77, 40, 21, 76, 72, 0], dist=695.78

-- k = 4 (dùng 4 xe) --
Total distance      = 2293.41
Vehicle total idle  = 432.10
Customer total wait = 28271.92
  Xe1: route=[0, 16, 9, 11, 7, 8, 50, 25, 44, 46, 63, 36, 29, 42, 53, 14, 18, 54, 28, 47, 52, 45, 74, 71, 51, 79, 37, 68, 0], dist=741.98
  Xe2: route=[0, 10, 15, 48, 35, 49, 80, 61, 5, 78, 41, 69, 56, 39, 58, 31, 66, 22, 73, 0], dist=588.50
  Xe3: route=[0, 12, 23, 55, 57, 60, 26, 30, 75, 19, 13, 32, 62, 77, 40, 21, 76, 72, 0], dist=695.78
  Xe4: route=[0, 4, 34, 43, 67, 38, 27, 70, 24, 17, 0], dist=267.15

-- k = 5 (dùng 5 xe) --
Total distance      = 2584.98
Vehicle total idle  = 623.37
Customer total wait = 30373.93
  Xe1: route=[0, 16, 9, 11, 7, 8, 50, 25, 44, 46, 63, 36, 29, 42, 53, 14, 18, 54, 28, 47, 52, 45, 74, 71, 51, 79, 37, 68, 0], dist=741.98
  Xe2: route=[0, 10, 15, 48, 35, 49, 80, 61, 5, 78, 41, 69, 56, 39, 58, 31, 66, 22, 73, 0], dist=588.50
  Xe3: route=[0, 12, 23, 55, 57, 60, 26, 30, 75, 19, 13, 32, 62, 77, 40, 21, 76, 72, 0], dist=695.78
  Xe4: route=[0, 4, 34, 43, 67, 38, 27, 70, 24, 17, 0], dist=267.15
  Xe5: route=[0, 20, 1, 33, 59, 64, 65, 2, 3, 0], dist=291.57

-- k = 6 (dùng 6 xe) --
Total distance      = 2668.79
Vehicle total idle  = 623.37
Customer total wait = 30424.22
  Xe1: route=[0, 16, 9, 11, 7, 8, 50, 25, 44, 46, 63, 36, 29, 42, 53, 14, 18, 54, 28, 47, 52, 45, 74, 71, 51, 79, 37, 68, 0], dist=741.98
  Xe2: route=[0, 10, 15, 48, 35, 49, 80, 61, 5, 78, 41, 69, 56, 39, 58, 31, 66, 22, 73, 0], dist=588.50
  Xe3: route=[0, 12, 23, 55, 57, 60, 26, 30, 75, 19, 13, 32, 62, 77, 40, 21, 76, 72, 0], dist=695.78
  Xe4: route=[0, 4, 34, 43, 67, 38, 27, 70, 24, 17, 0], dist=267.15
  Xe5: route=[0, 20, 1, 33, 59, 64, 65, 2, 3, 0], dist=291.57
  Xe6: route=[0, 6, 0], dist=83.82

-- k = 7 (dùng 6 xe) --
Total distance      = 2668.79
Vehicle total idle  = 623.37
Customer total wait = 30424.22
  Xe1: route=[0, 16, 9, 11, 7, 8, 50, 25, 44, 46, 63, 36, 29, 42, 53, 14, 18, 54, 28, 47, 52, 45, 74, 71, 51, 79, 37, 68, 0], dist=741.98
  Xe2: route=[0, 10, 15, 48, 35, 49, 80, 61, 5, 78, 41, 69, 56, 39, 58, 31, 66, 22, 73, 0], dist=588.50
  Xe3: route=[0, 12, 23, 55, 57, 60, 26, 30, 75, 19, 13, 32, 62, 77, 40, 21, 76, 72, 0], dist=695.78
  Xe4: route=[0, 4, 34, 43, 67, 38, 27, 70, 24, 17, 0], dist=267.15
  Xe5: route=[0, 20, 1, 33, 59, 64, 65, 2, 3, 0], dist=291.57
  Xe6: route=[0, 6, 0], dist=83.82

-- k = 8 (dùng 6 xe) --
Total distance      = 2668.79
Vehicle total idle  = 623.37
Customer total wait = 30424.22
  Xe1: route=[0, 16, 9, 11, 7, 8, 50, 25, 44, 46, 63, 36, 29, 42, 53, 14, 18, 54, 28, 47, 52, 45, 74, 71, 51, 79, 37, 68, 0], dist=741.98
  Xe2: route=[0, 10, 15, 48, 35, 49, 80, 61, 5, 78, 41, 69, 56, 39, 58, 31, 66, 22, 73, 0], dist=588.50
  Xe3: route=[0, 12, 23, 55, 57, 60, 26, 30, 75, 19, 13, 32, 62, 77, 40, 21, 76, 72, 0], dist=695.78
  Xe4: route=[0, 4, 34, 43, 67, 38, 27, 70, 24, 17, 0], dist=267.15
  Xe5: route=[0, 20, 1, 33, 59, 64, 65, 2, 3, 0], dist=291.57
  Xe6: route=[0, 6, 0], dist=83.82

========================================

