=== Results for h100d20.csv ===

-- k = 1 (dùng 1 xe) --
Total distance      = 554.27
Vehicle total idle  = 257.23
Customer total wait = 13261.70
  Xe1: route=[0, 72, 79, 84, 85, 86, 87, 83, 88, 82, 80, 94, 93, 81, 97, 98, 90, 95, 18, 19, 20, 21, 22, 24, 25, 23, 26, 73, 0], dist=554.27

-- k = 2 (dùng 2 xe) --
Total distance      = 991.91
Vehicle total idle  = 667.09
Customer total wait = 20823.56
  Xe1: route=[0, 72, 79, 84, 85, 86, 87, 83, 88, 82, 80, 94, 93, 81, 97, 98, 90, 95, 18, 19, 20, 21, 22, 24, 25, 23, 26, 73, 0], dist=554.27
  Xe2: route=[0, 35, 89, 67, 92, 91, 59, 69, 77, 96, 99, 39, 12, 15, 28, 29, 0], dist=437.64

-- k = 3 (dùng 3 xe) --
Total distance      = 1761.35
Vehicle total idle  = 667.09
Customer total wait = 36418.84
  Xe1: route=[0, 72, 79, 84, 85, 86, 87, 83, 88, 82, 80, 94, 93, 81, 97, 98, 90, 95, 18, 19, 20, 21, 22, 24, 25, 23, 26, 73, 0], dist=554.27
  Xe2: route=[0, 35, 89, 67, 92, 91, 59, 69, 77, 96, 99, 39, 12, 15, 28, 29, 0], dist=437.64
  Xe3: route=[0, 27, 47, 10, 11, 4, 31, 13, 50, 58, 3, 1, 34, 38, 40, 37, 36, 30, 6, 9, 17, 14, 65, 41, 75, 45, 71, 61, 0], dist=769.44

-- k = 4 (dùng 4 xe) --
Total distance      = 2384.75
Vehicle total idle  = 667.09
Customer total wait = 47956.63
  Xe1: route=[0, 72, 79, 84, 85, 86, 87, 83, 88, 82, 80, 94, 93, 81, 97, 98, 90, 95, 18, 19, 20, 21, 22, 24, 25, 23, 26, 73, 0], dist=554.27
  Xe2: route=[0, 35, 89, 67, 92, 91, 59, 69, 77, 96, 99, 39, 12, 15, 28, 29, 0], dist=437.64
  Xe3: route=[0, 27, 47, 10, 11, 4, 31, 13, 50, 58, 3, 1, 34, 38, 40, 37, 36, 30, 6, 9, 17, 14, 65, 41, 75, 45, 71, 61, 0], dist=769.44
  Xe4: route=[0, 16, 42, 33, 5, 60, 8, 66, 7, 2, 32, 57, 48, 46, 56, 43, 51, 64, 55, 44, 74, 68, 49, 76, 78, 63, 53, 62, 0], dist=623.40

-- k = 5 (dùng 5 xe) --
Total distance      = 2455.80
Vehicle total idle  = 1408.07
Customer total wait = 48112.77
  Xe1: route=[0, 72, 79, 84, 85, 86, 87, 83, 88, 82, 80, 94, 93, 81, 97, 98, 90, 95, 18, 19, 20, 21, 22, 24, 25, 23, 26, 73, 0], dist=554.27
  Xe2: route=[0, 35, 89, 67, 92, 91, 59, 69, 77, 96, 99, 39, 12, 15, 28, 29, 0], dist=437.64
  Xe3: route=[0, 27, 47, 10, 11, 4, 31, 13, 50, 58, 3, 1, 34, 38, 40, 37, 36, 30, 6, 9, 17, 14, 65, 41, 75, 45, 71, 61, 0], dist=769.44
  Xe4: route=[0, 16, 42, 33, 5, 60, 8, 66, 7, 2, 32, 57, 48, 46, 56, 43, 51, 64, 55, 44, 74, 68, 49, 76, 78, 63, 53, 62, 0], dist=623.40
  Xe5: route=[0, 52, 54, 70, 100, 0], dist=71.04

-- k = 6 (dùng 5 xe) --
Total distance      = 2455.80
Vehicle total idle  = 1408.07
Customer total wait = 48112.77
  Xe1: route=[0, 72, 79, 84, 85, 86, 87, 83, 88, 82, 80, 94, 93, 81, 97, 98, 90, 95, 18, 19, 20, 21, 22, 24, 25, 23, 26, 73, 0], dist=554.27
  Xe2: route=[0, 35, 89, 67, 92, 91, 59, 69, 77, 96, 99, 39, 12, 15, 28, 29, 0], dist=437.64
  Xe3: route=[0, 27, 47, 10, 11, 4, 31, 13, 50, 58, 3, 1, 34, 38, 40, 37, 36, 30, 6, 9, 17, 14, 65, 41, 75, 45, 71, 61, 0], dist=769.44
  Xe4: route=[0, 16, 42, 33, 5, 60, 8, 66, 7, 2, 32, 57, 48, 46, 56, 43, 51, 64, 55, 44, 74, 68, 49, 76, 78, 63, 53, 62, 0], dist=623.40
  Xe5: route=[0, 52, 54, 70, 100, 0], dist=71.04

-- k = 7 (dùng 5 xe) --
Total distance      = 2455.80
Vehicle total idle  = 1408.07
Customer total wait = 48112.77
  Xe1: route=[0, 72, 79, 84, 85, 86, 87, 83, 88, 82, 80, 94, 93, 81, 97, 98, 90, 95, 18, 19, 20, 21, 22, 24, 25, 23, 26, 73, 0], dist=554.27
  Xe2: route=[0, 35, 89, 67, 92, 91, 59, 69, 77, 96, 99, 39, 12, 15, 28, 29, 0], dist=437.64
  Xe3: route=[0, 27, 47, 10, 11, 4, 31, 13, 50, 58, 3, 1, 34, 38, 40, 37, 36, 30, 6, 9, 17, 14, 65, 41, 75, 45, 71, 61, 0], dist=769.44
  Xe4: route=[0, 16, 42, 33, 5, 60, 8, 66, 7, 2, 32, 57, 48, 46, 56, 43, 51, 64, 55, 44, 74, 68, 49, 76, 78, 63, 53, 62, 0], dist=623.40
  Xe5: route=[0, 52, 54, 70, 100, 0], dist=71.04

-- k = 8 (dùng 5 xe) --
Total distance      = 2455.80
Vehicle total idle  = 1408.07
Customer total wait = 48112.77
  Xe1: route=[0, 72, 79, 84, 85, 86, 87, 83, 88, 82, 80, 94, 93, 81, 97, 98, 90, 95, 18, 19, 20, 21, 22, 24, 25, 23, 26, 73, 0], dist=554.27
  Xe2: route=[0, 35, 89, 67, 92, 91, 59, 69, 77, 96, 99, 39, 12, 15, 28, 29, 0], dist=437.64
  Xe3: route=[0, 27, 47, 10, 11, 4, 31, 13, 50, 58, 3, 1, 34, 38, 40, 37, 36, 30, 6, 9, 17, 14, 65, 41, 75, 45, 71, 61, 0], dist=769.44
  Xe4: route=[0, 16, 42, 33, 5, 60, 8, 66, 7, 2, 32, 57, 48, 46, 56, 43, 51, 64, 55, 44, 74, 68, 49, 76, 78, 63, 53, 62, 0], dist=623.40
  Xe5: route=[0, 52, 54, 70, 100, 0], dist=71.04

-- k = 9 (dùng 5 xe) --
Total distance      = 2455.80
Vehicle total idle  = 1408.07
Customer total wait = 48112.77
  Xe1: route=[0, 72, 79, 84, 85, 86, 87, 83, 88, 82, 80, 94, 93, 81, 97, 98, 90, 95, 18, 19, 20, 21, 22, 24, 25, 23, 26, 73, 0], dist=554.27
  Xe2: route=[0, 35, 89, 67, 92, 91, 59, 69, 77, 96, 99, 39, 12, 15, 28, 29, 0], dist=437.64
  Xe3: route=[0, 27, 47, 10, 11, 4, 31, 13, 50, 58, 3, 1, 34, 38, 40, 37, 36, 30, 6, 9, 17, 14, 65, 41, 75, 45, 71, 61, 0], dist=769.44
  Xe4: route=[0, 16, 42, 33, 5, 60, 8, 66, 7, 2, 32, 57, 48, 46, 56, 43, 51, 64, 55, 44, 74, 68, 49, 76, 78, 63, 53, 62, 0], dist=623.40
  Xe5: route=[0, 52, 54, 70, 100, 0], dist=71.04

-- k = 10 (dùng 5 xe) --
Total distance      = 2455.80
Vehicle total idle  = 1408.07
Customer total wait = 48112.77
  Xe1: route=[0, 72, 79, 84, 85, 86, 87, 83, 88, 82, 80, 94, 93, 81, 97, 98, 90, 95, 18, 19, 20, 21, 22, 24, 25, 23, 26, 73, 0], dist=554.27
  Xe2: route=[0, 35, 89, 67, 92, 91, 59, 69, 77, 96, 99, 39, 12, 15, 28, 29, 0], dist=437.64
  Xe3: route=[0, 27, 47, 10, 11, 4, 31, 13, 50, 58, 3, 1, 34, 38, 40, 37, 36, 30, 6, 9, 17, 14, 65, 41, 75, 45, 71, 61, 0], dist=769.44
  Xe4: route=[0, 16, 42, 33, 5, 60, 8, 66, 7, 2, 32, 57, 48, 46, 56, 43, 51, 64, 55, 44, 74, 68, 49, 76, 78, 63, 53, 62, 0], dist=623.40
  Xe5: route=[0, 52, 54, 70, 100, 0], dist=71.04

========================================

=== Results for h100d40.csv ===

-- k = 1 (dùng 1 xe) --
Total distance      = 757.86
Vehicle total idle  = 0.00
Customer total wait = 8431.02
  Xe1: route=[0, 38, 52, 22, 25, 20, 58, 68, 59, 70, 75, 64, 77, 79, 61, 91, 88, 85, 94, 71, 74, 97, 96, 66, 98, 95, 90, 42, 28, 0], dist=757.86

-- k = 2 (dùng 2 xe) --
Total distance      = 1274.49
Vehicle total idle  = 310.28
Customer total wait = 20335.58
  Xe1: route=[0, 38, 52, 22, 25, 20, 58, 68, 59, 70, 75, 64, 77, 79, 61, 91, 88, 85, 94, 71, 74, 97, 96, 66, 98, 95, 90, 42, 28, 0], dist=757.86
  Xe2: route=[0, 24, 72, 73, 69, 63, 89, 80, 81, 87, 14, 15, 16, 49, 18, 17, 19, 29, 93, 53, 82, 0], dist=516.63

-- k = 3 (dùng 3 xe) --
Total distance      = 1608.22
Vehicle total idle  = 847.08
Customer total wait = 27869.04
  Xe1: route=[0, 38, 52, 22, 25, 20, 58, 68, 59, 70, 75, 64, 77, 79, 61, 91, 88, 85, 94, 71, 74, 97, 96, 66, 98, 95, 90, 42, 28, 0], dist=757.86
  Xe2: route=[0, 24, 72, 73, 69, 63, 89, 80, 81, 87, 14, 15, 16, 49, 18, 17, 19, 29, 93, 53, 82, 0], dist=516.63
  Xe3: route=[0, 48, 86, 78, 60, 56, 92, 99, 9, 12, 34, 8, 41, 7, 0], dist=333.73

-- k = 4 (dùng 4 xe) --
Total distance      = 2255.13
Vehicle total idle  = 999.65
Customer total wait = 39409.73
  Xe1: route=[0, 38, 52, 22, 25, 20, 58, 68, 59, 70, 75, 64, 77, 79, 61, 91, 88, 85, 94, 71, 74, 97, 96, 66, 98, 95, 90, 42, 28, 0], dist=757.86
  Xe2: route=[0, 24, 72, 73, 69, 63, 89, 80, 81, 87, 14, 15, 16, 49, 18, 17, 19, 29, 93, 53, 82, 0], dist=516.63
  Xe3: route=[0, 48, 86, 78, 60, 56, 92, 99, 9, 12, 34, 8, 41, 7, 0], dist=333.73
  Xe4: route=[0, 10, 62, 65, 76, 67, 83, 21, 4, 3, 37, 23, 1, 27, 26, 5, 13, 11, 46, 30, 51, 0], dist=646.91

-- k = 5 (dùng 5 xe) --
Total distance      = 2697.74
Vehicle total idle  = 1398.08
Customer total wait = 48334.09
  Xe1: route=[0, 38, 52, 22, 25, 20, 58, 68, 59, 70, 75, 64, 77, 79, 61, 91, 88, 85, 94, 71, 74, 97, 96, 66, 98, 95, 90, 42, 28, 0], dist=757.86
  Xe2: route=[0, 24, 72, 73, 69, 63, 89, 80, 81, 87, 14, 15, 16, 49, 18, 17, 19, 29, 93, 53, 82, 0], dist=516.63
  Xe3: route=[0, 48, 86, 78, 60, 56, 92, 99, 9, 12, 34, 8, 41, 7, 0], dist=333.73
  Xe4: route=[0, 10, 62, 65, 76, 67, 83, 21, 4, 3, 37, 23, 1, 27, 26, 5, 13, 11, 46, 30, 51, 0], dist=646.91
  Xe5: route=[0, 47, 6, 2, 40, 35, 33, 39, 31, 54, 45, 84, 100, 32, 55, 36, 57, 44, 43, 50, 0], dist=442.61

-- k = 6 (dùng 5 xe) --
Total distance      = 2697.74
Vehicle total idle  = 1398.08
Customer total wait = 48334.09
  Xe1: route=[0, 38, 52, 22, 25, 20, 58, 68, 59, 70, 75, 64, 77, 79, 61, 91, 88, 85, 94, 71, 74, 97, 96, 66, 98, 95, 90, 42, 28, 0], dist=757.86
  Xe2: route=[0, 24, 72, 73, 69, 63, 89, 80, 81, 87, 14, 15, 16, 49, 18, 17, 19, 29, 93, 53, 82, 0], dist=516.63
  Xe3: route=[0, 48, 86, 78, 60, 56, 92, 99, 9, 12, 34, 8, 41, 7, 0], dist=333.73
  Xe4: route=[0, 10, 62, 65, 76, 67, 83, 21, 4, 3, 37, 23, 1, 27, 26, 5, 13, 11, 46, 30, 51, 0], dist=646.91
  Xe5: route=[0, 47, 6, 2, 40, 35, 33, 39, 31, 54, 45, 84, 100, 32, 55, 36, 57, 44, 43, 50, 0], dist=442.61

-- k = 7 (dùng 5 xe) --
Total distance      = 2697.74
Vehicle total idle  = 1398.08
Customer total wait = 48334.09
  Xe1: route=[0, 38, 52, 22, 25, 20, 58, 68, 59, 70, 75, 64, 77, 79, 61, 91, 88, 85, 94, 71, 74, 97, 96, 66, 98, 95, 90, 42, 28, 0], dist=757.86
  Xe2: route=[0, 24, 72, 73, 69, 63, 89, 80, 81, 87, 14, 15, 16, 49, 18, 17, 19, 29, 93, 53, 82, 0], dist=516.63
  Xe3: route=[0, 48, 86, 78, 60, 56, 92, 99, 9, 12, 34, 8, 41, 7, 0], dist=333.73
  Xe4: route=[0, 10, 62, 65, 76, 67, 83, 21, 4, 3, 37, 23, 1, 27, 26, 5, 13, 11, 46, 30, 51, 0], dist=646.91
  Xe5: route=[0, 47, 6, 2, 40, 35, 33, 39, 31, 54, 45, 84, 100, 32, 55, 36, 57, 44, 43, 50, 0], dist=442.61

-- k = 8 (dùng 5 xe) --
Total distance      = 2697.74
Vehicle total idle  = 1398.08
Customer total wait = 48334.09
  Xe1: route=[0, 38, 52, 22, 25, 20, 58, 68, 59, 70, 75, 64, 77, 79, 61, 91, 88, 85, 94, 71, 74, 97, 96, 66, 98, 95, 90, 42, 28, 0], dist=757.86
  Xe2: route=[0, 24, 72, 73, 69, 63, 89, 80, 81, 87, 14, 15, 16, 49, 18, 17, 19, 29, 93, 53, 82, 0], dist=516.63
  Xe3: route=[0, 48, 86, 78, 60, 56, 92, 99, 9, 12, 34, 8, 41, 7, 0], dist=333.73
  Xe4: route=[0, 10, 62, 65, 76, 67, 83, 21, 4, 3, 37, 23, 1, 27, 26, 5, 13, 11, 46, 30, 51, 0], dist=646.91
  Xe5: route=[0, 47, 6, 2, 40, 35, 33, 39, 31, 54, 45, 84, 100, 32, 55, 36, 57, 44, 43, 50, 0], dist=442.61

-- k = 9 (dùng 5 xe) --
Total distance      = 2697.74
Vehicle total idle  = 1398.08
Customer total wait = 48334.09
  Xe1: route=[0, 38, 52, 22, 25, 20, 58, 68, 59, 70, 75, 64, 77, 79, 61, 91, 88, 85, 94, 71, 74, 97, 96, 66, 98, 95, 90, 42, 28, 0], dist=757.86
  Xe2: route=[0, 24, 72, 73, 69, 63, 89, 80, 81, 87, 14, 15, 16, 49, 18, 17, 19, 29, 93, 53, 82, 0], dist=516.63
  Xe3: route=[0, 48, 86, 78, 60, 56, 92, 99, 9, 12, 34, 8, 41, 7, 0], dist=333.73
  Xe4: route=[0, 10, 62, 65, 76, 67, 83, 21, 4, 3, 37, 23, 1, 27, 26, 5, 13, 11, 46, 30, 51, 0], dist=646.91
  Xe5: route=[0, 47, 6, 2, 40, 35, 33, 39, 31, 54, 45, 84, 100, 32, 55, 36, 57, 44, 43, 50, 0], dist=442.61

-- k = 10 (dùng 5 xe) --
Total distance      = 2697.74
Vehicle total idle  = 1398.08
Customer total wait = 48334.09
  Xe1: route=[0, 38, 52, 22, 25, 20, 58, 68, 59, 70, 75, 64, 77, 79, 61, 91, 88, 85, 94, 71, 74, 97, 96, 66, 98, 95, 90, 42, 28, 0], dist=757.86
  Xe2: route=[0, 24, 72, 73, 69, 63, 89, 80, 81, 87, 14, 15, 16, 49, 18, 17, 19, 29, 93, 53, 82, 0], dist=516.63
  Xe3: route=[0, 48, 86, 78, 60, 56, 92, 99, 9, 12, 34, 8, 41, 7, 0], dist=333.73
  Xe4: route=[0, 10, 62, 65, 76, 67, 83, 21, 4, 3, 37, 23, 1, 27, 26, 5, 13, 11, 46, 30, 51, 0], dist=646.91
  Xe5: route=[0, 47, 6, 2, 40, 35, 33, 39, 31, 54, 45, 84, 100, 32, 55, 36, 57, 44, 43, 50, 0], dist=442.61

========================================

=== Results for h100d60.csv ===

-- k = 1 (dùng 1 xe) --
Total distance      = 745.90
Vehicle total idle  = 0.00
Customer total wait = 8329.85
  Xe1: route=[0, 22, 31, 14, 7, 47, 53, 60, 37, 57, 65, 66, 52, 82, 46, 28, 91, 86, 83, 94, 88, 68, 97, 96, 49, 80, 95, 90, 24, 0], dist=745.90

-- k = 2 (dùng 2 xe) --
Total distance      = 1512.97
Vehicle total idle  = 0.00
Customer total wait = 21703.68
  Xe1: route=[0, 22, 31, 14, 7, 47, 53, 60, 37, 57, 65, 66, 52, 82, 46, 28, 91, 86, 83, 94, 88, 68, 97, 96, 49, 80, 95, 90, 24, 0], dist=745.90
  Xe2: route=[0, 16, 21, 36, 59, 61, 63, 15, 43, 55, 72, 79, 29, 78, 77, 58, 62, 44, 71, 75, 9, 10, 11, 18, 27, 33, 30, 76, 0], dist=767.08

-- k = 3 (dùng 3 xe) --
Total distance      = 2140.48
Vehicle total idle  = 172.23
Customer total wait = 28825.77
  Xe1: route=[0, 22, 31, 14, 7, 47, 53, 60, 37, 57, 65, 66, 52, 82, 46, 28, 91, 86, 83, 94, 88, 68, 97, 96, 49, 80, 95, 90, 24, 0], dist=745.90
  Xe2: route=[0, 16, 21, 36, 59, 61, 63, 15, 43, 55, 72, 79, 29, 78, 77, 58, 62, 44, 71, 75, 9, 10, 11, 18, 27, 33, 30, 76, 0], dist=767.08
  Xe3: route=[0, 12, 40, 54, 48, 45, 69, 41, 39, 87, 74, 42, 98, 85, 92, 99, 17, 8, 26, 0], dist=627.51

-- k = 4 (dùng 4 xe) --
Total distance      = 2564.65
Vehicle total idle  = 590.89
Customer total wait = 38809.86
  Xe1: route=[0, 22, 31, 14, 7, 47, 53, 60, 37, 57, 65, 66, 52, 82, 46, 28, 91, 86, 83, 94, 88, 68, 97, 96, 49, 80, 95, 90, 24, 0], dist=745.90
  Xe2: route=[0, 16, 21, 36, 59, 61, 63, 15, 43, 55, 72, 79, 29, 78, 77, 58, 62, 44, 71, 75, 9, 10, 11, 18, 27, 33, 30, 76, 0], dist=767.08
  Xe3: route=[0, 12, 40, 54, 48, 45, 69, 41, 39, 87, 74, 42, 98, 85, 92, 99, 17, 8, 26, 0], dist=627.51
  Xe4: route=[0, 20, 38, 51, 73, 84, 70, 67, 89, 50, 13, 4, 3, 1, 5, 6, 19, 25, 0], dist=424.17

-- k = 5 (dùng 5 xe) --
Total distance      = 2837.02
Vehicle total idle  = 1188.71
Customer total wait = 42366.57
  Xe1: route=[0, 22, 31, 14, 7, 47, 53, 60, 37, 57, 65, 66, 52, 82, 46, 28, 91, 86, 83, 94, 88, 68, 97, 96, 49, 80, 95, 90, 24, 0], dist=745.90
  Xe2: route=[0, 16, 21, 36, 59, 61, 63, 15, 43, 55, 72, 79, 29, 78, 77, 58, 62, 44, 71, 75, 9, 10, 11, 18, 27, 33, 30, 76, 0], dist=767.08
  Xe3: route=[0, 12, 40, 54, 48, 45, 69, 41, 39, 87, 74, 42, 98, 85, 92, 99, 17, 8, 26, 0], dist=627.51
  Xe4: route=[0, 20, 38, 51, 73, 84, 70, 67, 89, 50, 13, 4, 3, 1, 5, 6, 19, 25, 0], dist=424.17
  Xe5: route=[0, 2, 23, 56, 64, 81, 93, 100, 32, 34, 0], dist=272.37

-- k = 6 (dùng 6 xe) --
Total distance      = 2860.59
Vehicle total idle  = 1188.71
Customer total wait = 42380.71
  Xe1: route=[0, 22, 31, 14, 7, 47, 53, 60, 37, 57, 65, 66, 52, 82, 46, 28, 91, 86, 83, 94, 88, 68, 97, 96, 49, 80, 95, 90, 24, 0], dist=745.90
  Xe2: route=[0, 16, 21, 36, 59, 61, 63, 15, 43, 55, 72, 79, 29, 78, 77, 58, 62, 44, 71, 75, 9, 10, 11, 18, 27, 33, 30, 76, 0], dist=767.08
  Xe3: route=[0, 12, 40, 54, 48, 45, 69, 41, 39, 87, 74, 42, 98, 85, 92, 99, 17, 8, 26, 0], dist=627.51
  Xe4: route=[0, 20, 38, 51, 73, 84, 70, 67, 89, 50, 13, 4, 3, 1, 5, 6, 19, 25, 0], dist=424.17
  Xe5: route=[0, 2, 23, 56, 64, 81, 93, 100, 32, 34, 0], dist=272.37
  Xe6: route=[0, 35, 0], dist=23.57

-- k = 7 (dùng 6 xe) --
Total distance      = 2860.59
Vehicle total idle  = 1188.71
Customer total wait = 42380.71
  Xe1: route=[0, 22, 31, 14, 7, 47, 53, 60, 37, 57, 65, 66, 52, 82, 46, 28, 91, 86, 83, 94, 88, 68, 97, 96, 49, 80, 95, 90, 24, 0], dist=745.90
  Xe2: route=[0, 16, 21, 36, 59, 61, 63, 15, 43, 55, 72, 79, 29, 78, 77, 58, 62, 44, 71, 75, 9, 10, 11, 18, 27, 33, 30, 76, 0], dist=767.08
  Xe3: route=[0, 12, 40, 54, 48, 45, 69, 41, 39, 87, 74, 42, 98, 85, 92, 99, 17, 8, 26, 0], dist=627.51
  Xe4: route=[0, 20, 38, 51, 73, 84, 70, 67, 89, 50, 13, 4, 3, 1, 5, 6, 19, 25, 0], dist=424.17
  Xe5: route=[0, 2, 23, 56, 64, 81, 93, 100, 32, 34, 0], dist=272.37
  Xe6: route=[0, 35, 0], dist=23.57

-- k = 8 (dùng 6 xe) --
Total distance      = 2860.59
Vehicle total idle  = 1188.71
Customer total wait = 42380.71
  Xe1: route=[0, 22, 31, 14, 7, 47, 53, 60, 37, 57, 65, 66, 52, 82, 46, 28, 91, 86, 83, 94, 88, 68, 97, 96, 49, 80, 95, 90, 24, 0], dist=745.90
  Xe2: route=[0, 16, 21, 36, 59, 61, 63, 15, 43, 55, 72, 79, 29, 78, 77, 58, 62, 44, 71, 75, 9, 10, 11, 18, 27, 33, 30, 76, 0], dist=767.08
  Xe3: route=[0, 12, 40, 54, 48, 45, 69, 41, 39, 87, 74, 42, 98, 85, 92, 99, 17, 8, 26, 0], dist=627.51
  Xe4: route=[0, 20, 38, 51, 73, 84, 70, 67, 89, 50, 13, 4, 3, 1, 5, 6, 19, 25, 0], dist=424.17
  Xe5: route=[0, 2, 23, 56, 64, 81, 93, 100, 32, 34, 0], dist=272.37
  Xe6: route=[0, 35, 0], dist=23.57

-- k = 9 (dùng 6 xe) --
Total distance      = 2860.59
Vehicle total idle  = 1188.71
Customer total wait = 42380.71
  Xe1: route=[0, 22, 31, 14, 7, 47, 53, 60, 37, 57, 65, 66, 52, 82, 46, 28, 91, 86, 83, 94, 88, 68, 97, 96, 49, 80, 95, 90, 24, 0], dist=745.90
  Xe2: route=[0, 16, 21, 36, 59, 61, 63, 15, 43, 55, 72, 79, 29, 78, 77, 58, 62, 44, 71, 75, 9, 10, 11, 18, 27, 33, 30, 76, 0], dist=767.08
  Xe3: route=[0, 12, 40, 54, 48, 45, 69, 41, 39, 87, 74, 42, 98, 85, 92, 99, 17, 8, 26, 0], dist=627.51
  Xe4: route=[0, 20, 38, 51, 73, 84, 70, 67, 89, 50, 13, 4, 3, 1, 5, 6, 19, 25, 0], dist=424.17
  Xe5: route=[0, 2, 23, 56, 64, 81, 93, 100, 32, 34, 0], dist=272.37
  Xe6: route=[0, 35, 0], dist=23.57

-- k = 10 (dùng 6 xe) --
Total distance      = 2860.59
Vehicle total idle  = 1188.71
Customer total wait = 42380.71
  Xe1: route=[0, 22, 31, 14, 7, 47, 53, 60, 37, 57, 65, 66, 52, 82, 46, 28, 91, 86, 83, 94, 88, 68, 97, 96, 49, 80, 95, 90, 24, 0], dist=745.90
  Xe2: route=[0, 16, 21, 36, 59, 61, 63, 15, 43, 55, 72, 79, 29, 78, 77, 58, 62, 44, 71, 75, 9, 10, 11, 18, 27, 33, 30, 76, 0], dist=767.08
  Xe3: route=[0, 12, 40, 54, 48, 45, 69, 41, 39, 87, 74, 42, 98, 85, 92, 99, 17, 8, 26, 0], dist=627.51
  Xe4: route=[0, 20, 38, 51, 73, 84, 70, 67, 89, 50, 13, 4, 3, 1, 5, 6, 19, 25, 0], dist=424.17
  Xe5: route=[0, 2, 23, 56, 64, 81, 93, 100, 32, 34, 0], dist=272.37
  Xe6: route=[0, 35, 0], dist=23.57

========================================

=== Results for h100d80.csv ===

-- k = 1 (dùng 1 xe) --
Total distance      = 762.52
Vehicle total idle  = 0.00
Customer total wait = 12087.76
  Xe1: route=[0, 23, 16, 9, 11, 7, 8, 55, 30, 10, 68, 41, 34, 35, 29, 25, 1, 59, 94, 33, 52, 57, 79, 98, 76, 95, 91, 81, 99, 42, 88, 89, 73, 0], dist=762.52

-- k = 2 (dùng 2 xe) --
Total distance      = 1391.49
Vehicle total idle  = 134.80
Customer total wait = 21049.65
  Xe1: route=[0, 23, 16, 9, 11, 7, 8, 55, 30, 10, 68, 41, 34, 35, 29, 25, 1, 59, 94, 33, 52, 57, 79, 98, 76, 95, 91, 81, 99, 42, 88, 89, 73, 0], dist=762.52
  Xe2: route=[0, 15, 28, 49, 60, 62, 65, 53, 40, 47, 32, 86, 90, 70, 2, 46, 74, 97, 50, 96, 44, 63, 36, 84, 26, 92, 100, 0], dist=628.97

-- k = 3 (dùng 3 xe) --
Total distance      = 2128.28
Vehicle total idle  = 152.63
Customer total wait = 30587.78
  Xe1: route=[0, 23, 16, 9, 11, 7, 8, 55, 30, 10, 68, 41, 34, 35, 29, 25, 1, 59, 94, 33, 52, 57, 79, 98, 76, 95, 91, 81, 99, 42, 88, 89, 73, 0], dist=762.52
  Xe2: route=[0, 15, 28, 49, 60, 62, 65, 53, 40, 47, 32, 86, 90, 70, 2, 46, 74, 97, 50, 96, 44, 63, 36, 84, 26, 92, 100, 0], dist=628.97
  Xe3: route=[0, 12, 31, 51, 4, 48, 39, 72, 43, 21, 85, 66, 69, 5, 83, 61, 37, 67, 82, 45, 56, 71, 27, 78, 0], dist=736.79

-- k = 4 (dùng 4 xe) --
Total distance      = 2530.51
Vehicle total idle  = 548.12
Customer total wait = 33427.06
  Xe1: route=[0, 23, 16, 9, 11, 7, 8, 55, 30, 10, 68, 41, 34, 35, 29, 25, 1, 59, 94, 33, 52, 57, 79, 98, 76, 95, 91, 81, 99, 42, 88, 89, 73, 0], dist=762.52
  Xe2: route=[0, 15, 28, 49, 60, 62, 65, 53, 40, 47, 32, 86, 90, 70, 2, 46, 74, 97, 50, 96, 44, 63, 36, 84, 26, 92, 100, 0], dist=628.97
  Xe3: route=[0, 12, 31, 51, 4, 48, 39, 72, 43, 21, 85, 66, 69, 5, 83, 61, 37, 67, 82, 45, 56, 71, 27, 78, 0], dist=736.79
  Xe4: route=[0, 19, 20, 24, 13, 54, 75, 87, 58, 14, 18, 77, 93, 0], dist=402.23

-- k = 5 (dùng 5 xe) --
Total distance      = 2720.50
Vehicle total idle  = 848.62
Customer total wait = 34763.96
  Xe1: route=[0, 23, 16, 9, 11, 7, 8, 55, 30, 10, 68, 41, 34, 35, 29, 25, 1, 59, 94, 33, 52, 57, 79, 98, 76, 95, 91, 81, 99, 42, 88, 89, 73, 0], dist=762.52
  Xe2: route=[0, 15, 28, 49, 60, 62, 65, 53, 40, 47, 32, 86, 90, 70, 2, 46, 74, 97, 50, 96, 44, 63, 36, 84, 26, 92, 100, 0], dist=628.97
  Xe3: route=[0, 12, 31, 51, 4, 48, 39, 72, 43, 21, 85, 66, 69, 5, 83, 61, 37, 67, 82, 45, 56, 71, 27, 78, 0], dist=736.79
  Xe4: route=[0, 19, 20, 24, 13, 54, 75, 87, 58, 14, 18, 77, 93, 0], dist=402.23
  Xe5: route=[0, 17, 38, 80, 64, 3, 0], dist=189.98

-- k = 6 (dùng 6 xe) --
Total distance      = 2809.60
Vehicle total idle  = 1155.37
Customer total wait = 35439.35
  Xe1: route=[0, 23, 16, 9, 11, 7, 8, 55, 30, 10, 68, 41, 34, 35, 29, 25, 1, 59, 94, 33, 52, 57, 79, 98, 76, 95, 91, 81, 99, 42, 88, 89, 73, 0], dist=762.52
  Xe2: route=[0, 15, 28, 49, 60, 62, 65, 53, 40, 47, 32, 86, 90, 70, 2, 46, 74, 97, 50, 96, 44, 63, 36, 84, 26, 92, 100, 0], dist=628.97
  Xe3: route=[0, 12, 31, 51, 4, 48, 39, 72, 43, 21, 85, 66, 69, 5, 83, 61, 37, 67, 82, 45, 56, 71, 27, 78, 0], dist=736.79
  Xe4: route=[0, 19, 20, 24, 13, 54, 75, 87, 58, 14, 18, 77, 93, 0], dist=402.23
  Xe5: route=[0, 17, 38, 80, 64, 3, 0], dist=189.98
  Xe6: route=[0, 22, 6, 0], dist=89.10

-- k = 7 (dùng 6 xe) --
Total distance      = 2809.60
Vehicle total idle  = 1155.37
Customer total wait = 35439.35
  Xe1: route=[0, 23, 16, 9, 11, 7, 8, 55, 30, 10, 68, 41, 34, 35, 29, 25, 1, 59, 94, 33, 52, 57, 79, 98, 76, 95, 91, 81, 99, 42, 88, 89, 73, 0], dist=762.52
  Xe2: route=[0, 15, 28, 49, 60, 62, 65, 53, 40, 47, 32, 86, 90, 70, 2, 46, 74, 97, 50, 96, 44, 63, 36, 84, 26, 92, 100, 0], dist=628.97
  Xe3: route=[0, 12, 31, 51, 4, 48, 39, 72, 43, 21, 85, 66, 69, 5, 83, 61, 37, 67, 82, 45, 56, 71, 27, 78, 0], dist=736.79
  Xe4: route=[0, 19, 20, 24, 13, 54, 75, 87, 58, 14, 18, 77, 93, 0], dist=402.23
  Xe5: route=[0, 17, 38, 80, 64, 3, 0], dist=189.98
  Xe6: route=[0, 22, 6, 0], dist=89.10

-- k = 8 (dùng 6 xe) --
Total distance      = 2809.60
Vehicle total idle  = 1155.37
Customer total wait = 35439.35
  Xe1: route=[0, 23, 16, 9, 11, 7, 8, 55, 30, 10, 68, 41, 34, 35, 29, 25, 1, 59, 94, 33, 52, 57, 79, 98, 76, 95, 91, 81, 99, 42, 88, 89, 73, 0], dist=762.52
  Xe2: route=[0, 15, 28, 49, 60, 62, 65, 53, 40, 47, 32, 86, 90, 70, 2, 46, 74, 97, 50, 96, 44, 63, 36, 84, 26, 92, 100, 0], dist=628.97
  Xe3: route=[0, 12, 31, 51, 4, 48, 39, 72, 43, 21, 85, 66, 69, 5, 83, 61, 37, 67, 82, 45, 56, 71, 27, 78, 0], dist=736.79
  Xe4: route=[0, 19, 20, 24, 13, 54, 75, 87, 58, 14, 18, 77, 93, 0], dist=402.23
  Xe5: route=[0, 17, 38, 80, 64, 3, 0], dist=189.98
  Xe6: route=[0, 22, 6, 0], dist=89.10

-- k = 9 (dùng 6 xe) --
Total distance      = 2809.60
Vehicle total idle  = 1155.37
Customer total wait = 35439.35
  Xe1: route=[0, 23, 16, 9, 11, 7, 8, 55, 30, 10, 68, 41, 34, 35, 29, 25, 1, 59, 94, 33, 52, 57, 79, 98, 76, 95, 91, 81, 99, 42, 88, 89, 73, 0], dist=762.52
  Xe2: route=[0, 15, 28, 49, 60, 62, 65, 53, 40, 47, 32, 86, 90, 70, 2, 46, 74, 97, 50, 96, 44, 63, 36, 84, 26, 92, 100, 0], dist=628.97
  Xe3: route=[0, 12, 31, 51, 4, 48, 39, 72, 43, 21, 85, 66, 69, 5, 83, 61, 37, 67, 82, 45, 56, 71, 27, 78, 0], dist=736.79
  Xe4: route=[0, 19, 20, 24, 13, 54, 75, 87, 58, 14, 18, 77, 93, 0], dist=402.23
  Xe5: route=[0, 17, 38, 80, 64, 3, 0], dist=189.98
  Xe6: route=[0, 22, 6, 0], dist=89.10

-- k = 10 (dùng 6 xe) --
Total distance      = 2809.60
Vehicle total idle  = 1155.37
Customer total wait = 35439.35
  Xe1: route=[0, 23, 16, 9, 11, 7, 8, 55, 30, 10, 68, 41, 34, 35, 29, 25, 1, 59, 94, 33, 52, 57, 79, 98, 76, 95, 91, 81, 99, 42, 88, 89, 73, 0], dist=762.52
  Xe2: route=[0, 15, 28, 49, 60, 62, 65, 53, 40, 47, 32, 86, 90, 70, 2, 46, 74, 97, 50, 96, 44, 63, 36, 84, 26, 92, 100, 0], dist=628.97
  Xe3: route=[0, 12, 31, 51, 4, 48, 39, 72, 43, 21, 85, 66, 69, 5, 83, 61, 37, 67, 82, 45, 56, 71, 27, 78, 0], dist=736.79
  Xe4: route=[0, 19, 20, 24, 13, 54, 75, 87, 58, 14, 18, 77, 93, 0], dist=402.23
  Xe5: route=[0, 17, 38, 80, 64, 3, 0], dist=189.98
  Xe6: route=[0, 22, 6, 0], dist=89.10

========================================

